1906
1984
2034
2035
2069
2066
2259
2171
2066
1925
1837
1859
1664
1719
1520
1494
1302
1145
1019
930
1913
1883
1912
1940
1882
1935
2017
1884
1833
1799
1609
1649
1567
1364
1345
1143
1012
1063
1146
976
1818
1796
1688
1739
1786
2072
1771
1654
1535
1433
1371
1306
1233
1159
1158
1148
1299
1411
1228
1105
1540
1611
1683
1708
1923
1764
1600
1652
1690
1498
1520
1591
1615
1404
1683
1367
1609
1536
1546
1312
1869
1948
1837
1862
1948
1874
1771
1836
1683
1728
1702
1906
1916
1742
1827
1545
1731
1582
1403
1224
1497
1550
1703
1760
1826
2027
2037
1865
1775
1741
1723
1536
1524
1713
1776
1942
1855
1619
1613
1409
1496
1589
1598
1667
1644
1784
1976
2021
1894
1828
1728
1844
1659
1354
1331
1533
1680
1840
1564
1403
1637
1659
1717
1829
1883
1992
2099
1948
1833
2004
2142
1988
1888
1604
1389
1247
1457
1818
1587
1393
1922
1877
1838
1843
1751
1850
1787
1642
1554
1652
1755
1960
1819
1733
1527
1330
1267
1669
1724
1490
1892
1902
1835
1716
1579
1631
1750
1896
1790
1437
1523
1736
1695
1770
1665
1339
1212
1468
1728
1410
1882
1895
1820
1673
1643
1595
1467
1492
1410
1348
1317
1341
1280
1257
1206
1105
1081
1154
1205
1383
1666
1598
1520
1489
1489
1412
1340
1337
1339
1329
1306
1280
1217
1232
1161
1148
1111
1037
970
959
1648
1551
1472
1459
1483
1441
1499
1481
1529
1511
1563
1474
1351
1498
1363
1445
1504
1150
1041
982
1854
1675
1593
1841
1583
1712
1855
1569
1786
1826
1607
1463
1459
1685
1480
1596
1341
1272
1104
989
1837
1927
1928
1905
1665
1974
1855
1815
1831
1887
1818
1687
1810
1831
1548
1636
1389
1197
1072
1002
1959
1880
1791
1710
1695
1764
1732
1579
1552
1559
1611
1907
2007
1792
1792
1632
1384
1244
1107
1026
1855
1876
1767
1604
1466
1413
1434
1440
1431
1407
1438
1503
1664
1879
1966
1941
1667
1408
1202
1092
1669
1593
1557
1552
1609
1700
1667
1526
1491
1448
1415
1312
1353
1531
1783
1827
1743
1679
1474
1162
1811
1764
1794
1970
1920
2018
1973
1824
1698
1799
1798
1513
1317
1351
1676
1731
1752
1700
1467
1179
2132
2044
1970
1895
1649
1734
1688
1591
1514
1433
1496
1626
1367
1234
1547
1650
1423
1275
1118
1032

