
0 0 0 0 0 0 0 0 7 4 0 0 10 10 6 5 1 0 0 0 0 1 0 0 0 0 0 0 0 0 0 0 3 3 1 1 1 1 0 0 
0 0 0 0 8 8 10 10 11 11 4 0 3 10 11 6 9 0 0 0 0 0 3 1 1 0 0 0 0 0 0 0 0 0 4 7 7 11 10 10 
9 0 0 0 0 10 5 5 10 7 7 0 0 3 3 9 11 12 23 24 20 18 20 21 18 6 4 1 1 5 6 9 7 6 0 0 3 6 11 10 
11 11 11 1 4 0 0 4 5 10 10 10 6 0 0 0 0 10 9 13 14 17 15 15 2 2 1 1 1 2 4 4 9 10 12 12 12 12 9 9 
11 11 13 11 6 9 0 0 7 5 2 13 13 5 0 0 4 0 0 0 0 1 1 1 2 2 7 6 2 16 8 9 7 7 10 10 12 12 12 9 
13 13 9 9 8 6 2 2 6 6 3 2 0 0 0 0 6 5 3 8 11 11 2 2 2 16 14 6 0 0 5 8 0 0 0 7 7 12 13 13 
17 17 20 15 1 4 7 2 3 3 7 2 0 0 8 11 10 12 15 1 0 0 2 2 25 0 0 0 4 4 24 0 0 0 17 12 12 2 1 1 
14 15 17 20 26 0 0 0 3 3 9 2 2 2 10 5 5 4 3 4 5 10 8 10 16 20 20 32 30 30 29 29 24 22 17 17 12 12 11 11 
0 7 9 10 22 25 29 30 25 27 17 17 19 17 13 13 12 11 12 12 12 12 21 18 22 17 14 14 13 13 11 12 1 1 0 0 0 0 4 1 
0 0 0 0 0 24 13 13 0 0 0 0 0 0 0 0 0 6 6 10 0 0 0 0 0 3 4 19 28 27 18 17 16 13 18 16 16 16 16 15 
0 0 11 2 0 0 18 19 6 0 5 6 6 5 1 1 2 1 1 5 5 0 3 7 7 8 14 9 9 18 11 11 24 21 23 18 15 15 15 15 
6 3 11 11 0 0 5 20 10 5 4 5 4 6 3 3 4 0 0 0 0 1 0 0 0 0 2 3 8 19 20 26 27 26 14 12 6 0 0 0 
8 7 8 11 13 0 8 2 2 10 11 1 0 4 5 6 3 0 0 3 7 8 6 6 10 10 6 6 0 0 12 15 11 11 13 13 9 9 10 10 
0 0 21 8 5 7 2 0 0 0 0 0 0 0 10 4 4 13 13 11 12 11 9 8 10 11 11 7 6 13 13 18 20 17 12 17 13 12 12 12 
3 0 1 20 14 5 2 0 0 2 6 10 3 0 0 0 1 5 17 15 15 13 12 11 12 0 0 11 14 9 14 17 17 17 6 0 0 0 0 0 
2 2 3 3 16 12 0 0 3 2 0 0 0 1 1 1 0 0 3 3 3 16 18 10 8 8 14 15 14 17 6 7 12 12 7 2 0 0 0 0 
3 1 1 6 1 0 0 0 2 0 0 0 0 0 0 0 0 1 5 9 9 7 14 23 18 14 0 0 2 14 12 10 16 15 14 9 7 4 3 0 
15 13 13 1 0 0 12 14 8 8 2 1 0 0 0 0 0 2 0 0 0 0 0 0 0 0 3 2 9 6 9 5 5 4 5 9 12 11 9 9 
7 15 16 21 14 13 0 0 0 0 0 0 0 1 5 5 5 6 0 0 3 3 0 0 0 0 0 7 8 8 8 10 11 10 9 15 10 12 8 8 
6 7 15 15 11 11 1 1 5 6 4 4 8 11 5 5 16 16 11 11 3 3 0 0 1 1 1 1 9 9 8 9 9 9 7 7 3 7 6 6 